972
976
980
984
988
992
996
1000
1004
1008
1012
1016
1020
1024
1028
1032
1036
1040
1044
1048
1052
1056
1060
1072
1076
1080
1084
1088
1092
1096
1100
1104
1204
1208
1212
1216
1220
1224
1228
1232
1236
1240
1244
1248
1252
1256
1260
1264
1268
1272
1276
1280
1284
1288
1292
1296
1300
1304
1308
1312
1316
1320
1324
1328
1332
1336
1340
1344
1348
1352
1356
1360
1364
1368
1372
1376
1380
1384
1388
1392
1396
1400
1404
1408
1412
1416
1420
1424
1428
1432
1436
1440
1444
1448
1452
1456
1460
1464
1468
1472
1476
1480
1484
1488
1492
1496
1500
1504
1508
1512
1516
1520
1524
1528
1532
1536
1540
1544
1548
1552
1556
1560
1564
1568
1572
1576
1580
1584
1588
1592
1596
1600
1604
1608
1612
1776
1780
1784
1788
1792
1796
1800
1804
1808
1812
1816
1820
1824
1828
1832
1836
1840
1844
1848
1852
1856
1860
1864
1868
1872
1876
1880
1884
1888
1892
1896
1900
1904
1908
1912
1916
1920
1924
1928
1932
1936
1940
1944
1948
1952
1956
1960
1964
1968
1972
1976
1980
1984
1988
1992
1996
2000
2004
2008
2012
2016
2020
2024
2028
2032
2036
2040
2125
2129
2133
2137
2141
2145
2149
2153
2157
2161
2165
2169
2173
2177
2181
2185
2189
2193
2197
2201
2205
2209
2213
2217
2221
2225
2229
2233
2237
2241
2245
2249
2253
2257
2261
2264
2265
2268
2269
2272
2273
2276
2277
2280
2281
2284
2285
2288
2289
2292
2293
2296
2297
2341
2344
2353
2356
2365
2368
2374
2377
2380
2386
2389
2392
2398
2401
2404
2407
2410
2413
2416
2419
2422
2425
2428
2431
2434
2437
2440
2443
2446
2449
2452
2455
2458
2461
2464
2467
2470
2473
2476
2479
2482
2485
2488
2491
2494
2497
2563
2565
2566
2568
2569
2571
2572
2574
2575
2577
2578
2580
2581
2582
2583
2584
2585
2586
2587
2588
2589
2590
2591
2592
2593
2594
2595
2596
2597
2598
2599
2600
2601
2602
2603
2604
2605
2606
2607
2608
2609
2610
2611
2612
2613
2614
2615
2616
2617
2618
2619
2620
2621
2622
2623
2624